latitude=23.176072654735524
longitude=79.94254287976105