latitude=23.176072654735524
longitude=79.94254287976105
latitude=11.7
longitude=77.9
